1,130.4,107.7,64.8,448,375,147,105476,97.7,37,59,36
2,109.7,64.7,26.7,306.1,214.5,7,311000,98.3,56,62.3,14.8
3,242.9,160.6,93.7,581,521,2,316844,156.4,82,75,16.1
4,199.6,130.8,57.1,1562,1012.8,93,262461,100.4,26.9,49.3,1
5,69.7,23.7,4.4,597.5,455.8,146,8402,195.3,68.9,167.8,100
6,241.6,193.6,87.8,2381,1702.6,237,126505,304.6,117.9,168.2,50.7
7,254,169,44.5,1939,1534.7,353,891200,247.4,86.9,241.2,27
8,213,141.3,39.9,2178,1652.4,854,224400,350.8,93.9,224.5,83.9
9,79.3,54.8,28.2,1378.5,992.8,315,38000,81.1,10.7,76.3,6.6
10,128.2,75.4,16.9,1757.9,1044.3,581,14806,37,21.2,43.1,13.1
11,65.3,49.4,6.7,904,668.2,304,21715,39.1,17.1,27.1,4.5
12,39.9,16.1,3.5,462.7,52.8,166,235,7.6,10.4,14.8,1.5
13,40.8,26.2,4.8,650,475,215,3069,12.7,9.9,24.6,1.8
