747.86 411.29
797.86 423.45
847.86 438.33
897.86 450.54
947.86 463.90
997.86 477.74
1047.86 489.37
1097.79 502.56
1147.79 514.69
1197.73 526.84
1247.73 538.88
1297.73 551.96
1347.73 564.40
1397.73 576.56
1447.73 588.74
1497.73 599.56
1547.73 611.62
1597.73 623.44
1647.73 635.58
1697.73 646.28
1747.73 658.59
1797.73 670.22
1847.73 680.63
1897.73 693.03
1947.73 704.67
1997.73 716.45
2047.73 727.66
2097.73 739.39
2147.73 750.90
2197.73 761.55
2247.73 773.43
2297.73 785.39
2347.73 796.04
2397.73 808.27
2447.73 820.80
2497.73 832.80
2547.73 844.47
2597.73 856.29
2647.73 867.60
2697.73 880.06
2747.73 892.92
2797.73 904.34
2847.73 917.34
2897.73 929.90
2947.73 941.42
2997.73 954.60
3047.73 968.09
3097.73 980.14
3147.73 992.41
3197.73 1006.34
3247.73 1019.07
3297.73 1034.24
3299.74 1035.36
