2632.23  60448.88 
2624.30  60311.43 
2620.67  60248.03 
2610.29  60065.11 
2606.61  59999.69 
2599.59  59874.06 
2587.60  59657.02 
2582.05  59555.51 
2579.57  59509.94 
2575.44  59433.77 
2569.46  59322.85 
2564.12  59223.17 
2559.83  59142.66 
2548.47  58927.69 
2539.63  58758.61 
2528.01  58534.01 
2521.63  58409.58 
2510.23  58185.31 
2508.17  58144.52 
2500.07  57983.36 
2490.06  57782.53 
2485.73  57695.08 
2474.40  57464.67 
2464.77  57267.02 
2454.51  57054.65 
2446.77  56893.24 
2436.85  56684.86 
2431.55  56572.86 
2427.32  56483.12 
2422.20  56374.11 
2414.35  56206.14 
2404.05  55984.22 
2399.15  55878.05 
2393.12  55746.87 
2382.50  55514.45 
2374.35  55334.90 
2362.44  55070.68 
2358.40  54980.57 
2348.13  54750.40 
2339.37  54552.85 
2334.88  54451.17 
2328.13  54297.75 
2322.14  54161.06 
2314.14  53977.71 
2304.14  53747.27 
2301.09  53676.72 
2290.87  53439.37 
2280.46  53196.16 
2274.92  53066.14 
2268.61  52917.56 
2260.89  52735.08 
2251.88  52521.14 
2242.46  52296.37 
2232.88  52066.65 
2226.99  51924.85 
2220.70  51772.96 
2209.13  51492.32 
2201.40  51303.95 
2190.91  51047.20 
2186.14  50930.04 
2177.92  50727.53 
2170.04  50532.69 
2158.40  50243.62 
2155.54  50172.37 
2148.54  49997.62 
2141.32  49816.82 
2138.42  49744.05 
2127.37  49465.96 
2116.53  49191.94 
2110.14  49029.86 
2100.32  48779.99 
2096.84  48691.21 
2088.64  48481.56 
2084.03  48363.42 
2077.58  48197.79 
2067.14  47928.87 
2063.17  47826.34 
2058.14  47696.24 
2051.30  47518.96 
2045.92  47379.23 
2035.94  47119.35 
2024.06  46808.88 
2020.47  46714.83 
2016.11  46600.46 
2007.08  46363.09 
2001.33  46211.59 
1989.59  45901.47 
1977.87  45590.80 
1969.43  45366.43 
1958.83  45083.88 
1952.81  44923.05 
1944.49  44700.35 
1932.64  44382.33 
1925.05  44178.12 
1913.71  43872.31 
1904.51  43623.60 
1897.67  43438.33 
1889.27  43210.41 
1878.40  42914.84 
1874.41  42806.16 
1868.46  42643.93 
1856.54  42318.32 
1850.51  42153.30 
1841.92  41917.87 
1830.91  41615.55 
1818.96  41286.70 
1810.42  41051.26 
1807.34  40966.26 
1804.98  40901.09 
1796.80  40675.04 
1789.13  40462.79 
1777.51  40140.74 
1768.05  39878.12 
1759.42  39638.21 
1752.19  39437.00 
1747.59  39308.87 
1735.97  38984.85 
1728.57  38778.25 
1726.26  38713.71 
1717.30  38463.22 
1710.10  38261.74 
1707.51  38189.22 
1696.61  37883.79 
1691.31  37735.15 
1687.01  37614.49 
1683.87  37526.35 
1678.77  37383.13 
1674.48  37262.60 
1665.96  37023.08 
1663.30  36948.26 
1658.55  36814.61 
1653.73  36678.94 
1642.93  36374.74 
1636.48  36192.94 
1626.92  35923.33 
1618.89  35696.73 
1609.06  35419.17 
1605.92  35330.47 
1594.13  34997.30 
1583.65  34700.98 
1581.14  34629.99 
1574.48  34441.58 
1569.22  34292.75 
1560.92  34057.83 
1556.62  33936.10 
1548.82  33715.25 
1540.79  33487.84 
1532.79  33261.23 
1526.30  33077.38 
1523.95  33010.80 
1516.81  32808.51 
1510.73  32636.23 
1507.65  32548.96 
1501.06  32362.23 
1494.55  32177.83 
1487.03  31964.75 
1476.98  31680.00 
1467.97  31424.74 
1457.25  31121.10 
1454.73  31049.73 
1450.53  30930.79 
1443.93  30743.92 
1432.35  30416.13 
1422.45  30136.01 
1415.93  29951.59 
1410.60  29800.87 
1408.01  29727.64 
1398.60  29461.68 
1391.53  29261.94 
1387.53  29148.98 
1381.26  28971.96 
1377.57  28867.81 
1368.05  28599.24 
1362.37  28439.09 
1350.95  28117.30 
1348.78  28056.19 
1338.49  27766.55 
1330.22  27533.96 
1322.84  27326.55 
1314.33  27087.57 
1305.06  26827.49 
1302.12  26745.05 
1291.34  26443.03 
1289.20  26383.11 
1284.26  26244.87 
1280.46  26138.58 
1269.19  25823.64 
1266.51  25748.82 
1258.70  25530.91 
1250.33  25297.63 
1241.82  25060.73 
1231.17  24764.66 
1228.61  24693.57 
1218.44  24411.40 
1211.15  24209.41 
1202.21  23962.04 
1198.09  23848.16 
1190.65  23642.72 
1181.63  23394.00 
1170.06  23075.57 
1163.62  22898.62 
1160.77  22820.38 
1158.19  22749.60 
1149.90  22522.38 
1139.94  22249.89 
1131.02  22006.33 
1125.57  21857.74 
1114.10  21545.60 
1106.90  21350.06 
1095.36  21037.34 
1092.63  20963.48 
1088.56  20853.45 
1078.81  20590.32 
1067.66  20290.19 
1057.84  20026.55 
1052.88  19893.65 
1049.36  19799.43 
1038.89  19519.72 
1029.04  19257.31 
1024.33  19132.09 
1020.05  19018.44 
1014.84  18880.29 
1004.54  18607.78 
994.32  18338.22 
986.62  18135.68 
978.90  17933.11 
974.04  17805.83 
965.05  17570.93 
955.08  17311.22 
948.67  17144.71 
942.21  16977.27 
935.55  16805.03 
930.76  16681.41 
922.00  16455.87 
910.97  16172.90 
899.88  15889.56 
890.41  15648.56 
885.81  15531.81 
876.91  15306.54 
873.59  15222.71 
870.36  15141.26 
866.45  15042.81 
862.99  14955.81 
855.14  14758.91 
852.41  14690.59 
842.18  14435.27 
832.95  14205.87 
821.69  13927.29 
814.77  13756.79 
806.22  13546.88 
795.32  13280.49 
787.93  13100.67 
783.11  12983.73 
771.35  12699.59 
768.99  12642.77 
763.72  12516.14 
751.99  12235.51 
746.34  12100.96 
741.25  11980.09 
738.04  11904.03 
726.89  11640.87 
723.53  11561.89 
718.21  11437.14 
707.24  11181.08 
700.24  11018.54 
692.09  10830.14 
684.25  10649.77 
675.27  10444.23 
672.98  10391.99 
665.70  10226.44 
663.38  10173.84 
653.11  9941.94 
647.71  9820.62 
637.24  9586.64 
632.78  9487.47 
624.97  9314.53 
613.59  9064.22 
611.11  9009.94 
608.57  8954.45 
606.36  8906.24 
597.55  8714.85 
589.56  8542.35 
586.42  8474.84 
576.46  8261.77 
568.28  8087.99 
565.58  8030.88 
562.89  7974.10 
559.53  7903.35 
549.64  7696.21 
546.71  7635.17 
542.34  7544.40 
537.90  7452.52 
534.85  7389.60 
524.27  7172.62 
515.29  6990.02 
505.95  6801.65 
497.44  6631.41 
490.28  6489.23 
485.02  6385.39 
476.40  6216.36 
473.22  6154.36 
469.74  6086.74 
2486.21  57704.79 
2483.61  57652.14 
2474.79  57472.64 
2472.37  57423.14 
2469.66  57367.59 
2462.44  57218.95 
2459.47  57157.55 
2449.29  56945.91 
2439.11  56732.48 
2429.89  56537.68 
2426.39  56463.35 
2417.80  56280.08 
2410.61  56125.76 
2398.88  55872.19 
2390.39  55687.29 
2380.39  55468.06 
2373.85  55323.85 
2367.52  55183.64 
2357.27  54955.32 
2354.44  54892.01 
2351.11  54817.35 
2347.37  54733.31 
2341.46  54600.09 
2331.15  54366.47 
2321.11  54137.50 
2318.51  54077.98 
2312.52  53940.48 
2305.25  53772.92 
2299.08  53630.15 
2290.51  53430.98 
2282.23  53237.61 
2277.31  53122.28 
2271.00  52973.90 
2268.84  52922.99 
2257.00  52642.84 
2253.33  52555.64 
2250.27  52482.81 
2244.54  52346.10 
2240.56  52250.90 
2233.66  52085.39 
2228.27  51955.70 
2216.75  51677.33 
2205.55  51405.17 
2203.02  51343.48 
2193.64  51114.14 
2188.95  50999.09 
2182.72  50845.87 
2175.25  50661.59 
2163.82  50378.40 
2157.64  50224.70 
2145.81  49929.32 
2140.80  49803.78 
2131.79  49577.35 
2123.12  49358.67 
2115.73  49171.67 
2106.75  48943.71 
2098.08  48722.86 
2094.30  48626.34 
2091.02  48542.48 
2079.03  48235.06 
2075.32  48139.66 
2072.99  48079.68 
2065.38  47883.43 
2054.56  47603.51 
2045.87  47377.93 
2041.97  47276.47 
2036.28  47128.22 
2029.67  46955.64 
2017.86  46646.38 
2014.29  46552.67 
2003.74  46275.12 
1995.29  46052.18 
1989.53  45899.88 
1985.62  45796.35 
1979.33  45629.56 
1972.51  45448.37 
1969.31  45363.23 
1961.41  45152.73 
1957.15  45039.03 
1951.30  44882.67 
1943.47  44673.02 
1938.96  44552.06 
1934.05  44420.22 
1925.88  44200.47 
1921.23  44075.20 
1910.98  43798.57 
1899.16  43478.71 
1889.86  43226.43 
1884.42  43078.62 
1876.58  42865.28 
1873.50  42781.36 
1862.44  42479.59 
1851.64  42184.24 
1841.46  41905.25 
1836.85  41778.73 
1828.91  41560.56 
1826.68  41499.23 
1820.43  41327.19 
1815.31  41186.12 
1811.69  41086.29 
1807.90  40981.71 
1801.67  40809.66 
1798.73  40728.40 
1790.75  40507.64 
1784.04  40321.79 
1775.08  40073.31 
1766.08  39823.38 
1757.69  39590.09 
1755.36  39525.25 
1752.67  39450.36 
1747.47  39305.53 
1740.16  39101.75 
1731.62  38863.43 
1725.54  38693.59 
1715.34  38408.39 
1706.16  38151.41 
1694.47  37823.78 
1687.16  37618.70 
1681.91  37471.31 
1678.85  37385.37 
1670.74  37157.48 
1660.96  36882.43 
1654.72  36706.81 
1651.81  36624.88 
1647.15  36493.63 
1643.61  36393.90 
1638.80  36258.34 
1632.40  36077.90 
1625.13  35872.83 
1618.55  35687.13 
1607.80  35383.58 
1600.62  35180.73 
1589.18  34857.36 
1580.81  34620.66 
1569.23  34293.03 
1564.82  34168.22 
1556.06  33920.25 
1551.17  33781.79 
1542.45  33534.85 
1533.50  33281.35 
1530.82  33205.43 
1526.27  33076.53 
1522.03  32956.40 
1513.36  32710.75 
1502.91  32414.65 
1497.47  32260.57 
1487.66  31982.60 
1478.91  31734.68 
1476.84  31676.03 
1468.82  31448.82 
1462.95  31282.55 
1451.79  30966.47 
1449.78  30909.56 
1443.16  30722.12 
1436.91  30545.19 
1430.30  30358.12 
1420.60  30083.68 
1415.38  29936.03 
1405.53  29657.54 
1398.82  29467.90 
1396.46  29401.21 
1392.70  29294.99 
1383.48  29034.63 
1376.75  28844.67 
1373.22  28745.07 
1367.81  28592.47 
1359.73  28364.67 
1355.82  28254.49 
1346.43  27990.02 
1342.00  27865.32 
1330.83  27551.11 
1326.14  27419.28 
1316.48  27147.93 
1312.60  27039.01 
1307.72  26902.09 
1304.81  26820.47 
1297.05  26602.96 
1288.22  26355.68 
1280.75  26146.69 
1274.49  25971.69 
1266.05  25735.97 
1257.57  25499.40 
1248.78  25254.46 
1240.42  25021.78 
1228.97  24703.56 
1224.88  24590.03 
1215.79  24337.95 
1211.43  24217.17 
1208.23  24128.58 
1200.16  23905.36 
1193.66  23725.80 
1187.07  23543.96 
1178.45  23306.41 
1168.75  23039.56 
1163.25  22888.46 
1154.63  22651.98 
1148.47  22483.22 
1138.05  22198.25 
1127.72  21916.34 
1123.15  21791.82 
1115.02  21570.61 
1107.20  21358.20 
1099.79  21157.29 
1089.09  20867.78 
1084.44  20742.19 
1079.26  20602.45 
1076.07  20516.49 
1064.67  20209.84 
1056.21  19982.86 
1049.42  19801.04 
1041.03  19576.83 
1033.58  19378.17 
1025.11  19152.81 
1017.67  18955.30 
1008.46  18711.39 
1001.23  18520.39 
989.30  18206.12 
985.11  18096.02 
982.05  18015.71 
978.95  17934.42 
976.32  17865.52 
970.27  17707.24 
963.79  17538.06 
958.13  17390.58 
948.50  17140.30 
940.22  16925.76 
930.50  16674.70 
919.17  16383.16 
907.44  16082.58 
903.52  15982.43 
900.13  15895.94 
891.17  15667.87 
888.23  15593.21 
880.98  15409.46 
873.67  15224.73 
863.06  14957.57 
856.21  14785.71 
850.28  14637.34 
841.56  14419.83 
832.15  14186.04 
824.95  14007.80 
819.47  13872.54 
815.97  13786.32 
808.11  13593.21 
803.49  13480.03 
801.05  13420.35 
791.50  13187.45 
787.07  13079.78 
780.65  12924.16 
771.77  12709.71 
766.18  12575.21 
756.81  12350.62 
750.87  12208.81 
742.03  11998.59 
732.99  11784.64 
726.57  11633.34 
724.37  11581.62 
719.06  11457.04 
712.82  11311.13 
708.12  11201.56 
704.15  11109.25 
693.93  10872.59 
687.63  10727.42 
676.75  10478.02 
670.84  10343.25 
661.15  10123.36 
655.18  9988.56 
645.10  9762.14 
635.55  9549.03 
629.77  9420.71 
625.61  9328.67 
615.71  9110.70 
604.21  8859.42 
598.94  8744.97 
590.23  8556.78 
583.84  8419.49 
573.50  8198.76 
563.82  7993.72 
560.14  7916.18 
549.52  7693.71 
537.63  7446.94 
530.48  7299.73 
519.64  7078.29 
511.76  6918.64 
508.21  6847.08 
504.21  6766.73 
498.14  6645.37 
488.66  6457.19 
478.40  6255.45 
468.50  6062.70 
463.31  5962.42 
455.97  5821.49 
453.07  5766.11 
449.96  5706.90 
446.59  5642.96 
437.81  5477.45 
430.86  5347.56 
426.96  5275.11 
420.01  5146.78 
416.53  5082.90 
413.98  5036.26 
