74 781 7.84 153.80 44.31 20.56 266.00 18.20 35.38 72.35 
1373 731 5.93 146.20 45.05 22.51 86.00 17.20 36.18 94.59 
1321 1791 4.90 439.20 29.07 64.56 109.00 10.60 74.32 218.37 
0 1787 6.56 223.90 40.08 25.17 950.00 15.40 32.28 117.35 
1049 2127 6.35 525.20 59.35 117.53 800.00 20.20 169.96 726.02 
1647 2728 14.08 1092.90 67.96 308.61 1040.00 28.20 434.80 966.73 
2883 3617 8.94 269.80 95.83 44.81 121.00 17.80 62.91 166.73 
2383 3692 9.62 1066.20 285.58 2528.48 13500.00 41.70 381.64 1417.86 
2708 2295 7.41 1123.90 88.17 151.64 16000.00 25.80 172.36 926.84 
2933 1767 8.72 267.10 65.56 29.65 63.00 21.70 36.94 100.41 
4233 895 5.93 201.40 45.19 24.90 259.00 14.60 35.88 102.65 
4043 1895 9.17 287.00 43.94 45.77 168.00 19.70 62.74 223.16 
2427 3971 5.72 193.70 80.35 26.57 111.00 19.80 57.64 89.08 
3526 4357 4.49 359.50 258.15 123.27 77.00 12.90 106.47 853.98 
5062 4339 5.51 516.40 91.97 89.04 189.00 19.80 121.72 494.80 
4777 4897 11.45 1044.50 94.78 136.97 202.00 22.30 472.48 602.04 
5868 4904 6.14 445.40 82.69 167.39 144.00 18.40 111.24 389.80 
6534 5641 7.84 347.90 57.65 97.14 213.00 19.60 70.82 307.24 
5481 6004 7.41 345.70 159.45 71.03 85.00 18.10 89.34 380.92 
4592 4603 8.50 614.00 744.46 130.55 156.00 32.80 228.64 1013.47 
2486 5999 5.51 257.20 54.64 29.01 104.00 13.20 87.68 223.27 
3299 6018 9.84 1213.50 920.84 1364.85 115.00 142.50 181.48 1818.47 
3573 6213 9.39 325.80 172.29 104.89 82.00 31.50 90.90 429.29 
4741 6434 3.30 212.10 50.13 38.62 139.00 10.60 66.98 186.22 
5375 8643 4.09 90.50 35.02 11.82 16.00 10.40 29.09 46.84 
5635 7965 6.14 583.40 95.25 233.70 155.00 21.10 97.47 311.02 
5394 8631 5.31 366.40 42.34 64.65 188.00 17.40 67.11 182.65 
5291 7349 3.69 323.90 35.14 34.66 50.00 13.90 65.48 253.16 
4742 7293 21.87 424.50 73.40 59.72 1520.00 27.80 83.70 175.71 
4948 7293 18.38 630.00 96.68 114.81 645.00 34.80 130.36 1626.02 
5567 6782 10.53 635.30 64.03 101.35 190.00 28.30 162.64 615.10 
7004 6226 3.50 463.40 112.19 72.93 118.00 14.10 60.60 193.37 
7304 5230 6.35 532.00 57.51 83.76 191.00 19.50 73.46 297.14 
7048 4600 5.51 778.70 74.66 92.48 330.00 19.70 110.20 351.63 
8180 4496 4.49 754.80 99.88 97.92 243.00 24.90 100.79 323.37 
9328 4311 3.50 396.30 138.37 58.97 170.00 24.20 91.76 2893.47 
9090 5365 5.51 687.80 85.52 72.85 201.00 19.00 103.20 403.27 
8049 5439 4.29 526.00 55.31 81.43 93.00 19.90 100.65 369.80 
8077 6401 4.29 449.10 67.22 51.64 315.00 15.70 106.97 294.69 
8017 7210 6.56 852.70 72.59 158.67 311.00 21.20 124.24 377.14 
6869 7286 16.58 459.00 94.79 47.17 1900.00 19.90 71.32 215.10 
7056 8348 7.41 337.30 77.27 248.85 90.00 20.10 99.58 210.00 
7747 8260 5.93 568.10 75.14 118.16 135.00 23.80 111.54 572.96 
8457 8991 4.69 599.00 69.05 122.18 121.00 19.80 102.72 427.04 
9460 8311 4.90 635.50 68.42 227.76 176.00 19.50 96.33 538.98 
9062 7639 5.31 600.70 44.65 45.10 51.00 15.50 65.87 186.33 
9319 6799 4.29 567.60 60.25 48.67 46.00 16.10 63.74 208.06 
10631 6472 5.51 228.50 49.27 30.85 62.00 22.90 45.93 102.04 
10685 5528 4.69 568.60 306.02 70.41 900.00 16.80 79.67 196.73 
10643 4472 7.20 214.70 50.33 40.16 156.00 20.80 47.76 403.98 
11702 4480 5.31 151.90 47.24 24.44 140.00 17.30 37.49 92.55 
11730 5532 4.90 343.30 42.01 58.81 80.00 13.80 79.07 275.82 
11482 6354 4.90 293.90 60.29 51.03 53.00 12.60 75.93 278.37 
10700 8184 3.89 312.90 33.79 277.82 55.00 14.00 68.24 295.61 
10630 8774 3.69 315.90 45.43 34.05 55.00 12.60 62.84 196.33 
11678 8618 3.11 416.30 57.88 47.64 167.00 11.90 116.19 242.04 
11902 7709 3.89 374.00 45.17 50.19 35.00 15.00 58.11 157.35 
13244 7056 3.89 344.30 35.29 47.87 100.00 15.10 133.72 141.02 
12746 8450 2.91 252.90 45.98 71.54 32.14 14.40 42.99 146.22 
12855 8945 3.30 503.40 38.74 30.46 36.43 7.20 53.73 102.86 
13797 9621 4.90 303.80 56.02 65.86 63.21 40.05 90.69 3760.82 
14325 8666 4.09 127.00 27.58 23.99 30.00 11.93 57.47 85.61 
15467 8658 2.91 265.00 35.66 29.39 24.64 9.23 60.54 122.96 
12442 4329 2.72 278.90 43.43 32.61 64.29 9.90 53.40 135.71 
13093 4339 3.11 751.20 53.11 53.80 27.86 10.46 60.27 155.00 
13920 5354 3.30 361.30 47.54 52.28 25.71 9.11 113.46 218.27 
14844 5519 3.30 488.00 51.18 34.55 37.50 10.80 54.62 125.92 
16569 6055 6.14 227.00 42.15 67.04 49.29 16.31 34.28 82.96 
16387 6609 3.69 347.40 37.76 19.97 26.79 10.01 54.41 221.22 
16061 7352 4.49 136.00 36.56 23.07 21.43 14.96 34.19 78.98 
15658 7594 3.11 327.10 25.98 23.73 25.71 9.79 63.81 138.06 
14298 7418 8.06 113.10 52.40 20.81 65.36 19.69 29.56 62.24 
14177 6684 3.69 270.50 33.12 57.85 25.71 13.50 62.04 118.16 
15092 6936 3.69 160.30 38.29 26.08 25.71 14.29 40.13 82.86 
12778 5799 3.50 305.50 39.50 30.86 31.07 14.74 61.89 148.88 
17044 10691 2.72 70.90 19.45 9.12 15.00 7.09 22.73 32.86 
17087 11933 8.50 261.30 45.97 24.83 51.43 18.00 43.39 84.49 
17075 12924 1.77 119.80 15.32 13.34 8.57 6.19 26.31 47.76 
17962 12823 2.53 468.80 37.04 32.03 45.00 12.15 65.25 178.98 
18413 11721 3.69 150.70 59.61 19.00 34.29 24.98 38.47 89.08 
19007 11488 6.14 100.30 37.49 20.23 34.29 14.85 29.29 61.94 
18738 10921 10.99 109.80 56.07 69.06 58.93 20.70 38.87 63.27 
17814 10707 6.35 91.80 36.12 16.91 36.43 12.49 27.01 47.76 
18134 10046 30.13 743.90 49.03 26.18 27.86 17.66 72.76 182.04 
17198 9810 3.89 416.80 37.04 23.78 22.50 11.48 54.45 105.00 
17144 9081 2.91 369.80 36.34 52.48 22.50 7.99 42.02 84.08 
18393 9183 1.96 194.00 18.08 16.17 26.79 6.98 40.27 94.69 
19767 8810 6.98 50.10 41.02 14.25 17.14 13.39 26.57 40.92 
21006 8819 2.91 198.80 28.21 19.24 13.93 9.56 47.81 94.80 
21091 9482 5.93 886.60 42.69 28.12 43.93 21.15 94.64 163.27 
22846 9149 5.93 128.90 47.52 16.31 12.86 17.66 33.51 91.73 
23664 9790 7.41 114.30 48.34 21.45 35.36 16.54 35.83 63.88 
22304 10527 4.29 232.90 29.17 40.02 1714.29 9.79 38.65 95.41 
21418 10721 4.69 132.80 36.11 17.28 20.36 15.53 37.03 82.76 
21439 11383 5.72 1619.80 43.48 15.50 20.36 15.41 30.99 57.55 
20554 11228 6.77 282.50 41.97 52.80 27.86 18.34 49.10 104.90 
20101 10774 4.49 180.60 37.23 18.70 27.86 11.93 36.45 63.98 
21072 10404 3.11 386.60 35.93 26.38 24.64 12.26 60.00 157.24 
20215 9951 2.91 345.00 40.46 152.21 23.57 15.53 58.05 170.71 
18993 12371 4.29 95.60 22.49 17.15 85.71 10.13 27.97 67.24 
19968 12961 7.63 87.10 45.83 14.83 30.00 14.63 29.25 48.78 
21766 12348 5.93 203.00 35.97 16.88 15.00 14.51 45.83 89.49 
22674 12173 2.34 353.00 24.53 12.70 11.79 9.00 58.80 89.08 
22535 11293 2.91 233.20 24.92 21.62 85.71 8.33 45.20 100.10 
25221 5795 5.72 174.30 33.83 29.45 20.36 13.05 42.10 71.43 
26453 5577 2.34 87.60 18.46 9.73 13.93 8.89 24.43 43.37 
26416 6508 6.56 245.60 36.73 61.30 55.71 14.18 47.24 114.29 
27816 5581 4.69 167.90 33.15 18.96 60.00 15.98 33.46 55.71 
25361 6423 6.35 111.40 28.82 59.17 206.79 11.70 28.02 61.53 
24065 7353 5.10 94.60 77.92 20.34 23.57 28.69 25.92 58.47 
25998 7032 4.69 111.60 24.57 12.09 31.07 8.55 27.12 43.88 
27177 7771 3.50 85.50 26.33 24.88 36.43 11.36 26.77 64.08 
26424 8639 4.69 169.50 39.11 22.51 25.71 15.98 39.53 82.96 
26073 8807 4.49 138.00 34.52 35.54 50.36 12.60 25.45 52.45 
24631 9422 3.30 131.40 35.97 11.29 43.93 11.03 30.06 61.94 
24702 9522 2.91 41.00 41.77 12.50 17.14 17.10 19.68 78.37 
25461 9834 4.09 129.70 26.83 10.12 40.71 7.76 28.84 68.16 
24813 10799 5.72 148.00 36.73 14.21 52.50 12.60 27.15 57.86 
26086 11094 4.90 108.10 22.72 9.40 35.36 8.89 32.39 69.39 
26015 12078 4.90 132.50 79.52 18.67 42.86 27.68 28.30 92.24 
27700 11609 4.09 162.90 33.79 12.96 30.00 12.94 29.17 74.90 
27696 11621 5.93 88.80 52.41 15.30 10.71 19.91 28.62 63.88 
27346 13331 2.91 206.70 17.46 12.02 31.07 5.51 53.79 79.18 
26591 13715 2.72 121.80 19.98 7.71 24.64 8.10 27.30 57.96 
27823 14737 2.34 231.10 36.48 12.80 37.50 17.66 29.02 96.53 
27232 14482 2.53 128.60 21.75 9.10 30.00 9.56 22.77 58.06 
24580 13319 3.89 126.80 50.01 12.74 53.57 18.68 29.40 69.90 
24153 12450 2.34 79.70 74.36 27.49 9.64 45.45 21.22 87.65 
22965 13535 2.34 294.10 42.68 12.27 79.29 15.53 83.44 99.49 
23198 13523 1.96 238.30 19.71 25.22 19.29 6.64 66.24 142.86 
24685 14278 2.72 109.30 18.52 12.55 19.29 9.79 26.06 61.43 
28654 8755 3.11 69.40 22.93 7.56 26.79 7.65 22.09 53.06 
24003 15286 3.50 155.70 33.30 12.08 42.86 11.36 28.05 51.53 
21684 13101 2.72 109.30 19.83 14.54 19.29 9.45 34.56 47.55 
22193 12185 1.77 205.50 173.34 27.81 41.79 74.03 55.71 229.80 
17079 5894 3.50 53.20 35.15 7.91 20.36 11.14 24.90 34.39 
15255 5110 2.53 40.00 19.08 2.29 15.00 7.88 24.15 54.29 
15007 5535 9.17 82.80 63.88 24.85 11.79 31.50 21.68 76.53 
3518 2571 7.41 222.40 31.10 38.50 142.50 8.66 128.60 133.98 
3469 2308 5.72 164.80 49.44 27.98 126.43 13.61 37.64 76.12 
3762 2170 8.06 194.00 41.79 31.43 213.21 13.61 45.52 127.35 
3927 2110 5.72 310.10 56.40 37.11 138.21 16.43 59.63 154.49 
4153 2299 8.72 1024.90 77.61 71.24 128.57 19.35 227.40 1389.39 
3267 793 6.77 492.80 37.86 35.61 142.50 13.39 114.13 118.98 
4684 1364 6.56 202.30 33.28 37.67 1339.29 11.36 140.62 110.92 
5495 1205 6.77 97.20 38.67 18.12 24.64 14.74 28.77 49.90 
5664 1653 6.98 208.60 41.00 28.55 67.50 15.19 93.83 84.59 
5541 2093 6.14 143.40 41.67 22.57 88.93 12.49 38.14 65.61 
5451 2757 6.69 158.10 36.61 16.22 36.00 12.91 31.67 63.57 
4020 2990 8.00 332.60 77.06 46.01 240.00 24.47 68.10 259.29 
4026 3913 6.69 401.80 84.94 60.11 138.00 19.16 96.76 227.55 
5101 4080 8.23 756.40 42.73 87.52 63.00 19.26 88.74 184.69 
5438 3994 9.35 407.50 55.54 61.83 112.00 24.05 66.82 208.27 
5382 3012 8.90 307.30 54.39 57.21 326.00 25.72 131.93 256.94 
5314 2060 3.77 242.10 30.93 32.13 28.00 11.56 50.60 144.69 
5503 1127 5.41 178.90 29.54 23.73 52.00 9.89 49.84 118.88 
5636 133 7.78 315.50 49.76 28.03 550.00 18.95 45.73 109.29 
6605 374 5.62 134.60 25.33 19.10 45.00 11.66 40.50 87.14 
7093 1381 5.41 235.60 36.88 48.80 43.00 14.06 53.61 213.47 
7100 2449 4.58 203.80 39.03 24.18 87.00 16.66 53.09 138.88 
6837 3490 6.91 568.50 54.59 113.46 264.00 23.22 82.40 399.90 
7906 3978 5.00 506.50 59.45 70.71 202.00 26.13 78.01 334.39 
8045 3052 5.62 880.00 78.29 121.12 293.00 25.61 171.14 540.00 
8394 2035 6.91 250.30 39.09 50.46 81.00 20.41 59.17 172.65 
8403 1075 7.78 161.90 42.08 77.92 186.00 18.22 62.81 171.84 
8079 0 6.26 249.40 54.70 81.74 75.00 25.51 57.92 171.12 
9663 1288 7.56 248.20 42.23 69.39 57.00 16.56 44.54 165.10 
9469 2286 4.79 156.30 41.16 32.40 83.00 14.58 35.50 103.88 
9178 3299 2.77 120.30 49.85 18.38 43.00 25.51 37.93 115.41 
9095 3975 6.26 429.20 54.47 56.60 45.00 19.78 87.50 230.41 
10225 3821 7.34 205.10 43.63 23.51 47.00 19.78 41.33 104.29 
10210 2789 4.17 113.80 37.27 17.06 34.00 14.47 26.74 64.49 
10340 1764 5.00 221.30 30.75 70.32 47.00 16.14 47.20 185.41 
11557 1581 7.56 580.10 39.78 85.46 270.00 17.49 66.69 315.92 
11415 2585 5.62 171.00 31.23 25.73 292.00 15.72 31.09 110.61 
11649 3515 6.05 365.00 35.92 30.91 110.00 17.91 44.75 147.35 
12734 4015 4.79 289.70 42.12 41.10 57.00 17.49 76.80 237.45 
12696 3024 23.72 452.10 37.22 43.61 160.00 16.35 73.27 1635.92 
12400 2060 6.47 847.60 53.17 59.00 96.00 19.05 68.82 186.53 
12591 1063 4.17 310.70 40.70 42.64 58.00 14.99 115.59 177.76 
13765 1353 5.00 317.50 42.46 30.96 162.00 17.81 59.94 221.94 
13694 2357 4.17 357.50 38.78 43.89 14901.00 17.70 98.22 349.80 
13855 3345 6.26 387.20 38.03 30.06 85.00 21.97 54.98 142.55 
14862 2524 5.00 196.50 50.03 18.56 29.00 25.82 33.90 84.80 
14896 1603 1.61 295.80 15.40 18.35 19.00 4.27 40.42 106.53 
15387 729 4.58 129.00 31.09 18.93 38.00 15.10 29.76 69.80 
15810 2307 5.41 204.90 40.16 25.86 41.00 16.24 33.28 80.00 
16032 3061 3.57 174.80 31.13 26.21 26.00 11.14 31.77 94.08 
15801 3966 2.00 197.00 78.36 22.98 19.00 24.05 43.73 104.18 
15087 3512 3.37 106.70 16.31 9.04 17.00 7.60 26.89 37.14 
16872 2798 6.47 738.00 47.35 24.07 135.00 19.58 34.09 101.73 
17734 3629 3.37 788.70 28.90 17.62 34.00 15.51 26.04 91.02 
16823 4207 6.91 133.10 40.58 32.64 27.00 22.39 33.97 115.20 
17008 4775 2.38 149.50 27.18 11.19 54.00 14.47 38.35 59.49 
17203 6218 7.56 206.60 55.79 24.44 22.00 28.63 29.73 81.73 
17005 7212 8.67 78.90 58.87 21.65 26.00 23.43 26.52 70.51 
16947 7487 4.79 178.60 32.31 29.01 45.00 14.26 47.98 104.90 
16301 8299 5.41 250.10 34.32 16.25 15.00 18.53 41.29 90.20 
17904 8287 5.83 89.20 54.90 23.28 19.00 21.76 24.95 53.57 
18303 7385 5.62 453.50 37.22 21.92 40.00 16.56 41.51 87.35 
18438 6539 4.38 92.40 38.70 15.03 21.00 13.85 24.22 47.24 
18556 5588 2.77 198.70 18.11 15.33 19.00 9.68 34.15 95.92 
18954 4874 5.41 260.10 43.81 26.46 33.00 13.22 39.49 87.04 
18012 4414 5.62 101.10 49.01 19.96 23.00 20.82 26.00 71.53 
19072 8519 6.69 146.50 43.39 19.89 36.00 17.49 33.24 60.00 
20282 8590 7.56 66.50 49.24 14.67 19.00 17.08 25.48 41.12 
21475 8540 2.77 119.00 27.49 10.62 44.00 10.52 31.94 53.27 
21450 7555 1.61 434.80 21.29 12.84 18.00 8.85 56.14 106.43 
20261 7586 5.62 188.00 30.52 26.03 58.00 14.26 31.96 77.45 
19569 7348 2.97 77.50 16.91 9.95 34.00 7.50 28.15 41.63 
19411 6934 4.58 130.80 35.61 19.59 23.00 16.14 29.87 61.12 
19501 6091 5.20 134.50 29.37 16.33 32.00 13.54 29.83 59.90 
20582 6548 3.17 101.80 32.23 10.68 12.00 12.81 33.20 51.12 
19909 5300 5.00 232.00 32.43 24.23 37.00 15.10 36.08 101.84 
21018 5764 7.56 121.10 62.91 31.03 44.00 27.28 28.36 88.16 
22176 5492 5.20 238.70 47.18 59.66 24.00 19.68 62.57 108.47 
23359 5325 6.05 151.20 92.76 31.43 79.00 32.07 31.57 130.61 
23238 6502 2.77 202.60 56.54 18.09 49.00 28.11 26.14 82.14 
22624 4818 2.38 351.60 64.86 28.97 65.00 17.28 112.62 105.31 
21703 6591 5.20 173.80 58.28 19.99 51.00 22.49 31.61 69.80 
5006 8846 8.67 423.30 61.41 117.83 216.00 30.30 178.88 293.16 
5734 9659 5.41 645.30 50.27 80.60 113.00 23.32 99.42 358.27 
6395 10443 7.12 967.70 36.41 70.71 66.00 16.87 119.35 457.96 
7405 10981 4.58 445.70 28.32 132.05 139.00 12.91 87.44 303.06 
8446 11200 8.23 420.60 35.81 73.86 561.00 22.49 60.91 241.63 
7612 11938 4.58 257.40 42.25 44.84 260.00 19.58 46.90 192.65 
7912 12840 6.05 248.70 44.36 42.79 150.00 19.89 72.20 170.10 
8866 13143 8.23 350.30 59.07 36.58 177.00 24.57 52.56 170.00 
9296 13102 4.17 109.90 29.09 13.71 31.00 11.35 25.08 51.63 
9475 12000 3.97 306.20 38.30 36.22 115.00 13.54 60.63 145.51 
9212 11305 10.74 306.50 53.98 97.05 255.00 27.91 69.40 177.86 
8629 12086 3.77 515.60 28.74 77.47 1801.00 15.10 70.18 178.57 
7776 10613 10.27 175.90 57.88 37.50 65.00 26.97 45.34 100.41 
8622 10638 5.20 417.80 35.71 47.58 801.00 16.03 94.93 204.08 
9237 9872 6.47 368.20 44.22 65.70 91.00 18.33 76.88 247.04 
8307 9726 6.47 393.00 35.82 70.17 135.00 18.53 72.96 254.80 
7106 9467 8.90 117.50 32.54 20.51 41.00 14.47 41.45 56.33 
6423 8831 3.37 379.10 32.13 37.81 49.00 13.74 70.37 208.37 
7458 8920 6.69 320.30 87.90 66.99 78.00 21.90 123.60 230.11 
8904 8868 4.17 613.40 50.34 149.26 133.00 16.60 110.20 447.83 
10547 9591 8.23 220.50 61.48 41.96 84.00 22.40 58.37 153.27 
10398 10360 4.38 229.30 32.69 60.40 64.00 13.70 62.62 204.81 
10395 11203 5.20 334.30 47.05 40.37 76.00 18.40 61.03 211.47 
11529 11243 5.20 284.30 40.47 44.73 349.00 16.00 119.46 184.61 
11563 10298 5.41 230.10 41.65 35.71 57.00 16.90 43.91 118.70 
11646 9381 5.00 551.10 71.75 71.23 74.00 22.30 111.62 209.50 
12641 9560 9.58 201.00 39.11 25.26 125.00 10.70 99.35 90.07 
14000 8970 3.17 203.80 26.57 24.29 23.00 11.90 41.69 94.34 
14207 9980 3.77 355.20 26.25 32.87 14.00 9.60 59.22 117.87 
14065 10987 9.13 133.70 52.99 22.10 26.00 24.80 37.73 95.48 
12734 10344 7.34 95.60 47.85 19.51 14.00 20.80 28.52 57.68 
12727 7691 5.62 352.60 44.57 58.98 51.00 13.30 69.95 531.45 
14173 11941 4.79 556.20 50.87 143.31 92.00 19.10 180.05 388.69 
15467 12080 5.20 113.70 41.85 20.73 12.00 19.00 31.87 57.27 
15140 11101 3.37 240.50 28.04 22.63 261.00 11.70 35.74 92.46 
15198 10100 7.34 120.30 54.19 21.90 27.00 23.00 29.63 81.01 
15248 9106 3.57 514.10 42.34 47.67 13800.00 17.30 69.96 269.89 
16428 9069 4.38 246.30 29.90 21.84 84.00 14.10 59.00 95.17 
16289 10072 5.41 158.00 46.86 24.02 31.00 19.30 36.27 79.24 
16267 11058 4.38 211.30 27.79 19.01 34.00 12.00 38.38 81.42 
16440 12068 5.62 236.50 35.95 66.52 199.00 13.90 40.98 193.67 
16440 13232 6.05 193.00 40.60 24.88 27.00 14.40 33.53 84.86 
15412 12982 6.26 169.70 44.26 88.12 46.00 17.20 42.71 97.67 
14269 12877 5.20 320.10 35.92 36.86 68.00 16.50 58.46 162.85 
13277 13204 6.91 180.20 54.08 27.01 37.00 18.40 44.13 118.91 
13175 12238 4.58 351.80 55.39 78.07 87.00 16.90 69.55 188.88 
12153 12336 8.67 245.70 47.79 27.55 35.00 18.40 53.42 98.81 
11958 13313 6.47 86.80 41.12 15.46 23.00 15.90 37.53 70.18 
10800 13282 7.12 367.80 92.02 49.80 97.00 16.30 41.26 321.12 
10022 12204 3.77 467.10 49.03 34.44 45.00 15.40 60.83 132.86 
9333 14631 5.41 364.70 40.34 40.93 79.00 18.70 83.32 175.34 
9277 16148 10.97 248.50 40.61 61.52 81.00 17.20 76.19 168.05 
11121 16432 9.81 171.80 75.38 163.20 30.00 26.30 45.27 125.16 
10856 14727 8.23 409.90 44.67 66.92 80.00 36.00 96.85 197.63 
12644 14943 5.41 302.50 34.22 27.60 408.00 14.80 68.70 218.24 
12625 16259 2.77 236.20 42.67 16.35 62.00 9.40 41.88 149.52 
9036 17538 7.78 114.50 56.38 26.96 36.00 22.40 31.24 75.91 
10599 17980 6.47 165.20 73.40 42.73 40.00 19.70 84.13 95.69 
12632 17949 5.62 380.40 46.63 28.31 48.00 14.60 83.82 155.98 
14405 18032 3.77 398.40 29.57 18.64 60.00 10.50 113.84 172.53 
14074 16516 3.57 268.60 28.11 23.20 64.00 12.20 54.52 101.00 
14262 15129 4.38 126.50 28.57 20.57 19.00 12.10 25.17 53.10 
14624 14004 6.91 290.30 47.87 28.90 34.00 14.80 44.26 94.96 
16629 14481 7.12 228.40 40.29 25.15 37.00 15.30 40.10 83.19 
18470 14411 4.38 305.50 52.44 22.92 13.00 19.10 45.21 109.33 
20591 13549 3.97 407.60 35.65 22.33 11.00 18.60 60.36 121.62 
20983 15862 8.00 96.60 19.42 11.26 12.00 7.50 27.54 47.38 
20177 17642 3.57 185.50 23.15 13.42 34.00 9.50 29.49 92.36 
19041 15769 3.37 288.70 26.12 15.10 18.00 10.30 30.14 63.83 
18906 16346 3.17 90.40 16.20 8.30 32.00 7.00 44.31 44.67 
18467 17001 2.97 285.40 26.86 15.00 65.00 13.30 38.63 68.20 
17414 15476 7.12 100.00 46.15 19.43 14.00 23.00 22.01 65.70 
15748 15728 5.62 306.90 42.02 25.21 40.00 19.20 36.99 141.50 
15517 17034 5.83 319.50 43.32 25.89 54.00 15.80 40.98 83.40 
16607 17365 3.97 100.10 21.69 11.96 40.00 7.90 42.79 69.24 
15952 18397 3.17 218.60 39.51 15.26 34.00 10.50 50.98 84.24 
22605 14301 2.77 239.80 26.06 15.82 35.00 10.20 41.43 80.90 
23146 15382 3.17 156.80 19.73 8.34 42.00 7.60 39.21 71.01 
22046 17634 2.97 281.10 28.56 11.42 48.00 12.60 37.95 81.01 
23785 17643 3.17 142.50 36.75 9.93 43.00 13.30 32.61 61.64 
25981 18051 1.80 195.50 28.53 7.32 36.00 9.70 37.41 50.92 
27380 18202 3.17 153.90 20.90 8.21 37.00 7.60 31.37 38.21 
25021 16290 3.77 104.20 30.34 12.34 24.00 11.80 39.31 57.16 
23325 16701 4.79 72.10 65.54 11.55 35.00 19.80 26.04 47.58 
26852 16114 3.57 190.80 31.33 10.67 65.00 15.70 51.56 94.02 
17981 18449 6.47 282.90 52.68 20.34 25.00 22.90 32.53 103.50 
14482 12692 7.34 149.00 44.22 20.14 33.00 16.00 35.43 147.75 
14318 13569 8.23 121.30 43.29 31.63 86.00 11.40 33.21 46.86 
10352 17133 10.74 479.20 96.28 29.23 98.00 25.30 80.36 112.35 
9095 16414 11.68 870.50 70.84 35.17 302.00 29.10 78.15 435.44 
10510 15314 7.34 279.00 51.25 27.95 44.00 22.50 51.20 117.66 
13954 5615 6.05 162.00 36.22 17.91 35.00 14.20 36.41 61.02 
10142 1662 5.41 907.00 43.08 36.48 10.00 14.50 41.02 121.20 
17765 3561 6.26 132.90 42.59 16.58 27.00 16.20 35.52 63.31 
6924 5696 6.47 197.00 38.18 21.09 64.00 18.60 40.18 168.05 
4678 3765 6.47 100.70 36.19 13.31 42.00 11.50 34.34 56.23 
6182 2005 4.79 119.10 35.76 19.71 44.00 9.90 39.66 67.06 
5985 2567 7.56 63.50 33.65 21.90 60.00 12.50 41.29 60.50 
7653 1952 9.35 156.00 57.36 31.06 59.00 25.80 51.03 95.90 
