50 159.02
100 176.14
150 192.59
200 208.50
250 223.93
300 238.97
350 253.66
400 268.04
450 282.16
500 296.03
550 309.69
600 323.15
650 336.44
700 349.57
750 362.56
800 375.42
850 388.16
900 400.79
950 413.32
1000 425.76
1050 438.12
1100 450.40
1150 462.62
1200 474.78
1250 486.89
1300 498.95
1350 510.97
1400 522.95
1450 534.90
1500 546.82
1550 558.72
1600 570.61
1650 582.48
1700 594.35
1750 606.22
1800 618.09
1850 629.96
1900 641.85
1950 653.75
2000 665.67
2050 677.63
2053.83 678.54
2103.83 690.53
2105.06 690.82
2155.06 702.85
2205.06 714.91
2255.06 727.03
2305.06 739.19
2355.06 751.42
2404.98 763.70
2406.83 764.16
2456.83 776.53
2506.83 788.99
2556.83 801.54
2606.83 814.19
2656.83 826.95
2706.83 839.83
2756.83 852.84
2806.83 866.00
2856.83 879.32
2906.83 892.82
2906.91 892.84
2956.91 906.53
3006.91 920.45
3056.91 934.61
3106.91 949.05
3156.91 963.80
3206.91 978.91
3256.91 994.43
3306.91 1010.43
3356.91 1026.99
3406.91 1044.25
3456.91 1062.37
3506.91 1081.59
3556.91 1102.33
3606.91 1125.32
3656.91 1152.36
3706.91 1193.49
